22
33
40
33
31
16
14
46
47
46
19
15
40
15
22
28
43
28
21
43
42
43
21
15
41
15
22
28
40
28
20
43
42
43
22
15
42
13
22
42
22
15
41
15
16
44
46
45
22
15
42
15
22
28
42
28
20
43
42
43
15
13
48
13
16
42
48
42
32
26
20
15
40
15
38
27
22
43
42
43
20
16
21
40
42
17
45
40
31
8
20
16
21
40
42
16
45
40
16
14
18
43
42
14
43
42
32
28
21
14
17
43
44
14
44
41
17
17
45
17
13
43
32
43
50
43
19
14
19
28
19
43
45
14
45
28
45
43
20
17
20
42
44
17
44
42
18
14
45
14
19
40
46
40
21
14
43
14
21
31
41
31
18
45
20
17
20
42
32
15
32
45
50
22
50
36
16
12
32
12
50
12
33
41
18
15
46
15
33
34
20
45
32
15
17
20
46
20
17
40
32
41
46
40
18
13
45
13
32
28
18
42
45
42
18
17
44
17
19
43
45
45
19
16
20
30
45
14
43
29
45
44
13
15
13
44
31
15
31
44
49
15
49
44
13
15
13
44
31
15
31
44
49
15
49
44
25
13
28
28
47
29
28
43
47
43
15
14
15
28
33
30
15
43
33
43
53
14
53
43
20
13
20
28
45
28
20
43
45
43
16
15
42
15
45
27
16
43
42
43
10
12
10
29
10
43
28
29
38
12
51
29
38
43
19
13
46
13
24
30
46
30
19
43
46
43