22
21
43
20
42
33
42
43
21
43
42
11
20
26
42
28
42
43
20
43
19
21
41
21
19
34
41
34
19
46
41
46
26
24
44
21
26
43
24
25
42
25
18
46
44
44
32
21
19
33
44
30
38
45
32
33
17
23
47
24
16
42
47
42
23
20
41
33
23
45
18
25
23
43
42
25
42
43
18
25
23
43
42
25
42
43
32
10
18
20
43
23
19
45
42
43
28
33
22
24
44
24
21
44
44
44
19
26
13
44
32
42
46
26
50
44
23
34
42
34
23
26
41
26
23
43
41
43
21
25
42
25
22
43
42
43
23
25
44
25
22
45
41
43
22
26
42
25
22
42
41
43
32
26
32
42
20
24
43
24
31
44
19
55
16
34
32
24
50
34
32
43
18
20
44
20
32
34
18
45
44
45
20
25
43
25
20
43
43
43
23
34
41
34
12
25
31
25
47
25
12
45
31
45
47
45
12
25
31
25
47
25
12
45
31
45
47
45
21
23
29
34
45
39
24
45
19
33
20
45
32
39
51
35
24
33
25
45
43
39
23
22
40
33
21
45
14
34
32
34
40
22
40
45
50
34
23
36
38
23
41
36